b: 19138
c: 0
aa: 1323
ab: 5551
ac: 1064
ad: 64471
ae: 4487
af: 14815
ag: 256
ah: 65279
ai: 14559
aj: 48639
ak: 8257
al: 57278
am: 40382
an: 1
ao: 2
ap: 3
aq: 21168
ar: 32768
as: 53936
at: 13484
au: 6742
av: 1685
aw: 7895
ax: 532
ay: 65003
az: 7363
ba: 15599
bb: 5248
bc: 60287
bd: 10351
be: 64255
bf: 32
bg: 65503
bh: 64223
bi: 1
bj: 6
bk: 7
bl: 26968
bm: 32768
bn: 59736
bo: 14934
bp: 7467
bq: 1866
br: 8043
bs: 1290
bt: 64245
bu: 6753
bv: 14967
bw: 6720
bx: 58815
by: 8247
bz: 59775
ca: 8208
cb: 57327
cc: 51567
cd: 1
a: 65535
b: 19138
ce: 14
cf: 15
c: 0
cg: 29868
d: 4784
ch: 32768
e: 2392
ci: 62636
f: 598
g: 2910
cj: 15659
ck: 7829
h: 80
i: 65455
cl: 1957
j: 2830
cm: 8117
cn: 1669
k: 7102
co: 63866
l: 512
m: 65023
cp: 6448
n: 6590
cq: 15675
o: 23550
cr: 6432
p: 2178
cs: 59103
ct: 9243
q: 63357
r: 21372
cu: 62655
s: 1
cv: 9224
t: 0
cw: 56311
u: 1
cx: 53431
v: 9569
cy: 1
cz: 30
w: 32768
x: 42337
y: 10584
z: 5292
da: 31
db: 31318
dc: 32768
dd: 64086
de: 16021
df: 8010
dg: 2002
dh: 8154
di: 1858
dj: 63677
dk: 6296
dl: 16029
dm: 6288
dn: 59247
do: 9741
dp: 65119
dq: 8708
dr: 56827
ds: 56411
dt: 1
du: 62
dv: 63
dw: 32043
dx: 32768
dy: 64811
dz: 16202
ea: 8101
eb: 2025
ec: 8173
ed: 1953
ee: 63582
ef: 6220
eg: 16206
eh: 6216
ei: 59319
ej: 9990
ek: 65327
el: 9474
em: 56061
en: 55853
eo: 1
ep: 126
eq: 127
er: 32405
es: 32768
et: 65173
eu: 16293
ev: 8146
ew: 2036
ex: 8182
ey: 2000
ez: 63535
fa: 6182
fb: 16295
fc: 6180
fd: 59355
fe: 10115
ff: 65431
fg: 9857
fh: 55678
fi: 55574
fj: 1
fk: 254
fl: 255
fm: 32586
fn: 32768
fo: 65354
fp: 16338
fq: 8169
fr: 2042
fs: 8187
ft: 2024
fu: 63511
fv: 6163
fw: 16339
fx: 6162
fy: 59373
fz: 10177
ga: 65483
gb: 10048
gc: 55487
gd: 55435
ge: 1
gf: 510
gg: 511
gh: 32677
gi: 32768
gj: 65445
gk: 16361
gl: 8180
gm: 2045
gn: 8189
go: 2036
gp: 63499
gq: 6153
gr: 16361
gs: 6153
gt: 59382
gu: 10208
gv: 65509
gw: 10144
gx: 55391
gy: 55365
gz: 1
ha: 1022
hb: 1023
hc: 32722
hd: 32768
he: 65490
hf: 16372
hg: 8186
hh: 2046
hi: 8190
hj: 2042
hk: 63493
hl: 6148
hm: 16372
hn: 6148
ho: 59387
hp: 10224
hq: 65522
hr: 10192
hs: 55343
ht: 55330
hu: 1
hv: 2046
hw: 2047
hx: 32745
hy: 32768
hz: 65513
ia: 16378
ib: 8189
ic: 2047
id: 8191
ie: 2045
if: 63490
ig: 6146
ih: 16378
ii: 6146
ij: 59389
ik: 10232
il: 65529
im: 10216
in: 55319
io: 55313
ip: 1
iq: 4094
ir: 4095
is: 32756
it: 32768
iu: 65524
iv: 16381
iw: 8190
ix: 2047
iy: 8191
iz: 2046
ja: 63489
jb: 6145
jc: 16381
jd: 6145
je: 59390
jf: 10236
jg: 65532
jh: 10228
ji: 55307
jj: 55304
jk: 1
jl: 8190
jm: 8191
jn: 32762
jo: 32768
jp: 65530
jq: 16382
jr: 8191
js: 2047
jt: 8191
ju: 2047
jv: 63488
jw: 6144
jx: 16382
jy: 6144
jz: 59391
ka: 10238
kb: 65534
kc: 10234
kd: 55301
ke: 55300
kf: 1
kg: 16382
kh: 16383
ki: 32765
kj: 32768
kk: 65533
kl: 16383
km: 8191
kn: 2047
ko: 8191
kp: 2047
kq: 63488
kr: 6144
ks: 16383
kt: 6144
ku: 59391
kv: 10239
kw: 65535
kx: 10237
ky: 55298
kz: 55298
la: 1
lb: 32766
lc: 32767
ld: 32766
le: 32768
lf: 65534
lg: 16383
lh: 8191
li: 2047
lj: 8191
lk: 2047
ll: 63488
lm: 6144
ln: 16383
lo: 6144
lp: 59391
lq: 10239
lr: 65535
ls: 10238
lt: 55297
lu: 55297
lv: 1
lw: 65534
lx: 65535
ly: 32767
lz: 32768
ma: 65535






































b: 19138
c: 0
aa: 1323
ab: 5551
ac: 1064
ad: 64471
ae: 4487
af: 14815
ag: 256
ah: 65279
ai: 14559
aj: 48639
ak: 8257
al: 57278
am: 40382
an: 1
ao: 2
ap: 3
aq: 21168
ar: 32768
as: 53936
at: 13484
au: 6742
av: 1685
aw: 7895
ax: 532
ay: 65003
az: 7363
ba: 15599
bb: 5248
bc: 60287
bd: 10351
be: 64255
bf: 32
bg: 65503
bh: 64223
bi: 1
bj: 6
bk: 7
bl: 26968
bm: 32768
bn: 59736
bo: 14934
bp: 7467
bq: 1866
br: 8043
bs: 1290
bt: 64245
bu: 6753
bv: 14967
bw: 6720
bx: 58815
by: 8247
bz: 59775
ca: 8208
cb: 57327
cc: 51567
cd: 1
a: 65535
b: 19138
ce: 14
cf: 15
c: 0
cg: 29868
d: 4784
ch: 32768
e: 2392
ci: 62636
f: 598
g: 2910
cj: 15659
ck: 7829
h: 80
i: 65455
cl: 1957
j: 2830
cm: 8117
cn: 1669
k: 7102
co: 63866
l: 512
m: 65023
cp: 6448
n: 6590
cq: 15675
o: 23550
cr: 6432
p: 2178
cs: 59103
ct: 9243
q: 63357
r: 21372
cu: 62655
s: 1
cv: 9224
t: 0
cw: 56311
u: 1
cx: 53431
v: 9569
cy: 1
cz: 30
w: 32768
x: 42337
y: 10584
z: 5292
da: 31
db: 31318
dc: 32768
dd: 64086
de: 16021
df: 8010
dg: 2002
dh: 8154
di: 1858
dj: 63677
dk: 6296
dl: 16029
dm: 6288
dn: 59247
do: 9741
dp: 65119
dq: 8708
dr: 56827
ds: 56411
dt: 1
du: 62
dv: 63
dw: 32043
dx: 32768
dy: 64811
dz: 16202
ea: 8101
eb: 2025
ec: 8173
ed: 1953
ee: 63582
ef: 6220
eg: 16206
eh: 6216
ei: 59319
ej: 9990
ek: 65327
el: 9474
em: 56061
en: 55853
eo: 1
ep: 126
eq: 127
er: 32405
es: 32768
et: 65173
eu: 16293
ev: 8146
ew: 2036
ex: 8182
ey: 2000
ez: 63535
fa: 6182
fb: 16295
fc: 6180
fd: 59355
fe: 10115
ff: 65431
fg: 9857
fh: 55678
fi: 55574
fj: 1
fk: 254
fl: 255
fm: 32586
fn: 32768
fo: 65354
fp: 16338
fq: 8169
fr: 2042
fs: 8187
ft: 2024
fu: 63511
fv: 6163
fw: 16339
fx: 6162
fy: 59373
fz: 10177
ga: 65483
gb: 10048
gc: 55487
gd: 55435
ge: 1
gf: 510
gg: 511
gh: 32677
gi: 32768
gj: 65445
gk: 16361
gl: 8180
gm: 2045
gn: 8189
go: 2036
gp: 63499
gq: 6153
gr: 16361
gs: 6153
gt: 59382
gu: 10208
gv: 65509
gw: 10144
gx: 55391
gy: 55365
gz: 1
ha: 1022
hb: 1023
hc: 32722
hd: 32768
he: 65490
hf: 16372
hg: 8186
hh: 2046
hi: 8190
hj: 2042
hk: 63493
hl: 6148
hm: 16372
hn: 6148
ho: 59387
hp: 10224
hq: 65522
hr: 10192
hs: 55343
ht: 55330
hu: 1
hv: 2046
hw: 2047
hx: 32745
hy: 32768
hz: 65513
ia: 16378
ib: 8189
ic: 2047
id: 8191
ie: 2045
if: 63490
ig: 6146
ih: 16378
ii: 6146
ij: 59389
ik: 10232
il: 65529
im: 10216
in: 55319
io: 55313
ip: 1
iq: 4094
ir: 4095
is: 32756
it: 32768
iu: 65524
iv: 16381
iw: 8190
ix: 2047
iy: 8191
iz: 2046
ja: 63489
jb: 6145
jc: 16381
jd: 6145
je: 59390
jf: 10236
jg: 65532
jh: 10228
ji: 55307
jj: 55304
jk: 1
jl: 8190
jm: 8191
jn: 32762
jo: 32768
jp: 65530
jq: 16382
jr: 8191
js: 2047
jt: 8191
ju: 2047
jv: 63488
jw: 6144
jx: 16382
jy: 6144
jz: 59391
ka: 10238
kb: 65534
kc: 10234
kd: 55301
ke: 55300
kf: 1
kg: 16382
kh: 16383
ki: 32765
kj: 32768
kk: 65533
kl: 16383
km: 8191
kn: 2047
ko: 8191
kp: 2047
kq: 63488
kr: 6144
ks: 16383
kt: 6144
ku: 59391
kv: 10239
kw: 65535
kx: 10237
ky: 55298
kz: 55298
la: 1
lb: 32766
lc: 32767
ld: 32766
le: 32768
lf: 65534
lg: 16383
lh: 8191
li: 2047
lj: 8191
lk: 2047
ll: 63488
lm: 6144
ln: 16383
lo: 6144
lp: 59391
lq: 10239
lr: 65535
ls: 10238
lt: 55297
lu: 55297
lv: 1
lw: 65534
lx: 65535
ly: 32767
lz: 32768
ma: 65535